2 0.25 -1 -0.5 0.25 -1 10 0.001 0.001 -25 -15
2 0.25 -1 -0.5 0.25 -1 100 0.001 0.001 -25 -15
2 0.25 -1 -0.5 0.25 -1 10 0.001 0.001 -124 -118
2 0.25 -1 -0.5 0.25 -1 100 0.001 0.001 -122 -108
7 -0.5 -1 -0.5 0.25 -10 100 0.0001 0.001 0 100
7 -0.5 -1 -0.5 0.25 -10 100 0.0001 0.001 0 1000
7 -0.5 -1 -0.5 0.25 -10 100 0.0001 0.001 -10 20
-0.005 -5.5 0.15 -0.76 0.045 -1 1000000 0.0001 0.001 1 50
0 -5.5 0.001 0 0.4 -1 1000000 0.0000001 0.00000001 -50 1
-33 -5.5 0 -0.76 0.4 -1 1000000 0.0000001 0.0001 0 0.5
-3 -5.5 0 -0.76 0.4 -1 1000000 0.0001 0.0001 3.4 8
-23 -0.112 21 0.13 -0.0004 -1 1000000 0.0001 0.0001 2870 2915
-23 -0.112 21 0.13 -0.0004 -1 1000000 0.0001 0.0001 2904 2915