6
5
1,  -5.324412954423689;   2,  -4.541597919357154;   3, 0.573864553156616; 4, 8.242996208163564; 7, 32.720860501954256 
5
a+c+d+h+i  
4
-1,  -0.495486885318019;   2,  -5.802444162131870;   3, -20.101968224069793; 4,  -57.165622271557041
4
b+d+f+i
4
1, 1; 2, 4; 3, 6; 5, 10
2
i+c
4
-1,  0.749513114681981;   2,  -7.482444162131871;   3, -20.056968224069792; 4,  -50.445622271557035
2
b+d
7
1, 3.0; 2, 4.5; 3, 4.6; 4, 4.9; 5, 3.6; 6, 7.0; 7, 5.8
3
a+g+h
6
1, 7.1085290151921 ;2, 39.1634437009503;2.5, 71.7850115631464;3,  118.5694350764729;3.5, 181.7996780402915;3.7,  212.2061030130484 
6
a+c+g+h+i+j